0.	17.5	22.5	1.625	-5.268559524	.2700680784	.8256257461
1.	13.5	22.5	2.375	-4.059887628	-.9452423258	.8602975028
2.	8.5	20.5	3.375	-5.491949969	-2.489218777	.9831992421
3.	3.5	16.5	4.375	-3.972312500	-7.098002579	1.206905530
4.	1.5	7.5	5.375	.3813799699	-8.119070930	.1891786401
5.	4.5	2.5	4.625	5.447092630	-2.425473690	-1.213725086
6.	11.5	1.5	3.875	7.830489531	-.1787943207	.1657217096
7.	19.5	2.5	4.05	8.231009231	3.140770970	-1.174106240
8.	25.5	7.5	1.625	1.245353501	5.61595044	-2.219452730
9.	22.5	12.5	.625	-4.212963350	4.395427290	-.2229973170
10.	19.5	16.5	.625	-2.393500129	3.802280424	.1115020039
11.	16.5	20.5	.625	-4.213036126	4.395451010	-.223010697
