-.0871845112347911	0.	1.08718451123479	.625
.185922556173956	-.81932120222624	1.90650571346103	.351892932591253
-.156505713461031	1.23524841558368	-2.20263352215881	3.09131908967115
.190100297670169	-1.88420568459712	7.15572877838359	-6.26704321087125
-.603895477219644	7.64374361408063	-30.9560684163274	44.5486863820767
.475481611208406	-8.54691271234012	49.9972132157763	-90.3734496714295
.451969032386019	-8.12368629353714	47.4578547029585	-85.2947326457938
-1.35835774075248	29.8931759423713	-218.660180948401	535.647350540711
1.4564619306239	-37.6624961706619	321.785195955865	-905.540321203997
-.442489981743132	13.6092054632481	-139.660118749325	478.795622911572
-.111502003651374	3.67956612049533	-40.3637253217972	147.807644819813
